,alpha,s1,s2,s3
0,0.002001685630004214,0.009973764419555664,0.06045651435852051,2.182617425918579
1,0.027918246944795617,0.09032297134399414,0.017795324325561523,0.482405424118042
2,0.054888327012220815,0.17375469207763672,0.015276670455932617,0.33843207359313965
3,0.08217446270543616,0.25437450408935547,0.013968944549560547,0.2668783664703369
4,0.10924989464812473,0.3908078670501709,0.013723134994506836,0.24062466621398926
5,0.1374841972187105,0.45029211044311523,0.013346672058105469,0.2068347930908203
6,0.1649810366624526,0.5275888442993164,0.01302790641784668,0.18695902824401855
7,0.19174041297935104,0.6309499740600586,0.01397252082824707,0.17702937126159668
8,0.21818373367045935,0.7045550346374512,0.01381063461303711,0.1552422046661377
9,0.244732406236831,0.7848355770111084,0.01405191421508789,0.1482090950012207
10,0.2781289506953224,0.9343922138214111,0.01393580436706543,0.1421356201171875
11,0.3077328276443321,1.033036470413208,0.014009714126586914,0.13473153114318848
12,0.3387062789717657,1.1525094509124756,0.0142669677734375,0.13244891166687012
13,0.36557100716392754,1.2614927291870117,0.014792442321777344,0.1285555362701416
14,0.3920143278550358,1.332916021347046,0.015452384948730469,0.1219944953918457
15,0.4381584492203961,1.4672236442565918,0.015885114669799805,0.11568570137023926
16,0.47703329119258325,1.6149406433105469,0.01651930809020996,0.11169958114624023
17,0.5165402444163506,1.7341854572296143,0.01734161376953125,0.10932564735412598
18,0.5578381795195955,1.875648021697998,0.018118619918823242,0.10697078704833984
19,0.5975558364938895,2.0600664615631104,0.01872730255126953,0.1028900146484375
20,0.6356932153392331,2.2018086910247803,0.019575119018554688,0.10259318351745605
21,0.6741466498103666,2.745288610458374,0.027170896530151367,0.11690139770507812
22,0.7089127686472819,2.601710081100464,0.024246931076049805,0.10506081581115723
